1
100
17 18 7 6 11 20 8 14 2 19 6 3 10 2 14 18 1 13 12 5 2 20 8 13 16 4 17 3 10 7 1 5 13 3 18 20 6 17 9 11 15 10 14 6 16 7 5 20 9 3 20 11 17 12 1 16 14 7 13 10 4 6 17 18 16 8 12 11 7 13 15 17 10 13 11 4 3 2 19 6 3 10 11 17 7 2 19 20 18 14 13 14 16 5 10 1 18 7 12 19
2
9
4 1 10 8 7 12 9 2 15 
3
100
17 18 7 6 11 20 8 14 2 19 6 3 10 2 14 18 1 13 12 5 2 20 8 13 16 4 17 3 10 7 1 5 13 3 18 20 6 17 9 11 15 10 14 6 16 7 5 20 9 3 20 11 17 12 1 16 14 7 13 10 4 6 17 18 16 8 12 11 7 13 15 17 10 13 11 4 3 2 19 6 3 10 11 17 7 2 19 20 18 14 13 14 16 5 10 1 18 7 12 19
4
100
93
 35
 75
 84
  4
 77
  2
 56
 65
 99
 50
 34
 91
 15
 19
 11
 17
 40
 37
 52
 24
 96
 25
 28
 86
 48
 69
 83
 31
  3
 59
 51
 95
 54
 39
 82
 85
 42
  6
 94
 49
 13
 32
 89
 14
  7
 36
 60
 71
 90
 30
 61
 23
 44
 66
 57
 79
100
 88
 18
 10
 97
 43
 55
 98
 64
 53
 62
 20
  9
 63
 76
 16
 41
 26
 68
 27
 21
 46
 29
 12
 70
 92
 72
  5
 74
  8
 80
 73
 67
 58
 38
 47
 81
 33
 78
  1
 87
 22
 45
5
100
93
 35
 75
 84
  4
 77
  2
 56
 65
 99
 50
 34
 91
 15
 19
 11
 17
 40
 37
 52
 24
 96
 25
 28
 86
 48
 69
 83
 31
  3
 59
 51
 95
 54
 39
 82
 85
 42
  6
 94
 49
 13
 32
 89
 14
  7
 36
 60
 71
 90
 30
 61
 23
 44
 66
 57
 79
100
 88
 18
 10
 97
 43
 55
 98
 64
 53
 62
 20
  9
 63
 76
 16
 41
 26
 68
 27
 21
 46
 29
 12
 70
 92
 72
  5
 74
  8
 80
 73
 67
 58
 38
 47
 81
 33
 78
  1
 87
 22
 45
6
8
6 2 4 9 7 9 6 -9
2 6 1 5 -1 6 4 2
-8 4 4 1 7 7 8 2
5 1 3 -7 4 9 7 5
9 6 8 8 7 7 -3 7
5 -5 1 3 4 5 9 7
0 0 0 0 0 0 0 0
0 0 0 0 0 0 0 0
8
1 0 0 0 0 0 0 0
-1 0 0 0 0 0 0 0
3 0 0 0 0 0 0 0
7 0 0 0 0 0 0 0
5 0 0 0 0 0 0 0
2 0 0 0 0 0 0 0
-2 0 0 0 0 0 0 0
8 0 0 0 0 0 0 0
7